   1.6666667e+00   3.3333333e+00   0.0000000e+00   0.0000000e+00   7.6666667e+00   1.6666667e-01   1.6666667e-01   0.0000000e+00   6.6666667e-01   0.0000000e+00   1.6666667e-01   0.0000000e+00   0.0000000e+00
   8.3333333e-01   0.0000000e+00   0.0000000e+00   0.0000000e+00   6.7500000e+01   0.0000000e+00   0.0000000e+00   0.0000000e+00   0.0000000e+00   0.0000000e+00   1.5000000e+00   0.0000000e+00   3.3333333e-01
   1.1666667e+00   3.3333333e-01   0.0000000e+00   0.0000000e+00   1.4000000e+01   0.0000000e+00   3.3333333e-01   0.0000000e+00   0.0000000e+00   0.0000000e+00   0.0000000e+00   0.0000000e+00   0.0000000e+00
   6.6666667e-01   1.1666667e+00   0.0000000e+00   0.0000000e+00   2.8166667e+01   1.6666667e-01   0.0000000e+00   0.0000000e+00   0.0000000e+00   1.6666667e-01   0.0000000e+00   0.0000000e+00   3.3333333e-01
   0.0000000e+00   0.0000000e+00   0.0000000e+00   0.0000000e+00   8.3333333e+00   3.3333333e-01   3.3333333e-01   0.0000000e+00   0.0000000e+00   0.0000000e+00   0.0000000e+00   0.0000000e+00   0.0000000e+00
   6.6666667e-01   0.0000000e+00   0.0000000e+00   0.0000000e+00   7.7666667e+01   1.6666667e-01   5.0000000e-01   1.6666667e-01   0.0000000e+00   0.0000000e+00   3.3333333e-01   0.0000000e+00   0.0000000e+00
   5.0000000e-01   3.1666667e+00   0.0000000e+00   0.0000000e+00   1.0166667e+01   0.0000000e+00   1.6666667e+00   0.0000000e+00   0.0000000e+00   0.0000000e+00   0.0000000e+00   0.0000000e+00   0.0000000e+00
   1.5000000e+00   0.0000000e+00   0.0000000e+00   0.0000000e+00   3.1683333e+02   0.0000000e+00   5.0000000e-01   3.3333333e-01   0.0000000e+00   6.6666667e-01   1.0000000e+00   0.0000000e+00   0.0000000e+00
   0.0000000e+00   1.0000000e+00   0.0000000e+00   1.6666667e-01   6.8333333e+00   6.6666667e-01   0.0000000e+00   1.6666667e-01   0.0000000e+00   0.0000000e+00   0.0000000e+00   0.0000000e+00   0.0000000e+00
   5.0000000e-01   1.6666667e-01   0.0000000e+00   9.6666667e+00   8.3333333e-01   0.0000000e+00   1.0000000e+00   0.0000000e+00   0.0000000e+00   0.0000000e+00   0.0000000e+00   0.0000000e+00   0.0000000e+00
   2.5000000e+00   2.1666667e+00   0.0000000e+00   0.0000000e+00   2.6000000e+01   2.6666667e+00   3.3333333e-01   1.6666667e-01   0.0000000e+00   0.0000000e+00   0.0000000e+00   0.0000000e+00   0.0000000e+00
   1.0000000e+00   1.6666667e-01   0.0000000e+00   0.0000000e+00   1.7166667e+01   1.0000000e+00   2.0000000e+00   0.0000000e+00   0.0000000e+00   0.0000000e+00   0.0000000e+00   0.0000000e+00   1.6666667e-01
   1.1666667e+00   5.0000000e-01   0.0000000e+00   1.6666667e-01   8.3166667e+01   5.0000000e-01   1.3333333e+00   3.3333333e-01   1.6666667e-01   0.0000000e+00   0.0000000e+00   0.0000000e+00   0.0000000e+00
   6.6666667e-01   0.0000000e+00   0.0000000e+00   0.0000000e+00   6.8500000e+01   1.6666667e-01   0.0000000e+00   3.3333333e-01   0.0000000e+00   0.0000000e+00   0.0000000e+00   0.0000000e+00   0.0000000e+00
   3.3333333e-01   8.3333333e-01   0.0000000e+00   0.0000000e+00   2.7000000e+01   3.3333333e-01   5.0000000e-01   5.0000000e-01   1.3333333e+00   0.0000000e+00   0.0000000e+00   0.0000000e+00   0.0000000e+00
   6.6666667e-01   3.3333333e-01   0.0000000e+00   0.0000000e+00   6.9833333e+01   1.6666667e-01   0.0000000e+00   0.0000000e+00   6.6666667e-01   0.0000000e+00   0.0000000e+00   0.0000000e+00   1.6666667e-01
   5.0000000e-01   5.0000000e-01   0.0000000e+00   0.0000000e+00   2.5833333e+01   1.0000000e+00   0.0000000e+00   5.0000000e-01   0.0000000e+00   0.0000000e+00   0.0000000e+00   0.0000000e+00   1.6666667e-01
   1.6666667e-01   0.0000000e+00   0.0000000e+00   0.0000000e+00   7.1666667e+00   1.6666667e-01   0.0000000e+00   5.0000000e-01   0.0000000e+00   0.0000000e+00   0.0000000e+00   0.0000000e+00   0.0000000e+00
   5.0000000e-01   0.0000000e+00   0.0000000e+00   0.0000000e+00   2.2000000e+01   0.0000000e+00   0.0000000e+00   0.0000000e+00   3.3333333e-01   0.0000000e+00   0.0000000e+00   0.0000000e+00   0.0000000e+00
   8.3333333e-01   1.6666667e-01   0.0000000e+00   0.0000000e+00   1.4833333e+01   0.0000000e+00   0.0000000e+00   1.6666667e-01   0.0000000e+00   0.0000000e+00   0.0000000e+00   0.0000000e+00   0.0000000e+00
   1.0000000e+00   0.0000000e+00   0.0000000e+00   0.0000000e+00   9.6666667e+00   3.3333333e-01   3.3333333e-01   0.0000000e+00   0.0000000e+00   0.0000000e+00   1.6666667e-01   0.0000000e+00   0.0000000e+00
   8.3333333e-01   3.3333333e-01   0.0000000e+00   4.3333333e+00   1.3333333e+00   0.0000000e+00   1.1666667e+00   0.0000000e+00   3.3333333e+00   0.0000000e+00   0.0000000e+00   3.3333333e-01   0.0000000e+00
   8.3333333e-01   0.0000000e+00   0.0000000e+00   2.0000000e+00   2.0000000e+00   1.6666667e-01   2.8333333e+00   0.0000000e+00   8.3333333e-01   0.0000000e+00   0.0000000e+00   3.3333333e-01   0.0000000e+00
   1.0000000e+00   0.0000000e+00   0.0000000e+00   5.5000000e+00   3.3333333e-01   1.6666667e-01   1.6666667e-01   0.0000000e+00   6.6666667e-01   0.0000000e+00   0.0000000e+00   6.6666667e-01   0.0000000e+00
   1.0000000e+00   0.0000000e+00   0.0000000e+00   1.1666667e+00   1.0000000e+00   1.6666667e-01   2.5000000e+00   0.0000000e+00   1.0000000e+00   0.0000000e+00   0.0000000e+00   0.0000000e+00   0.0000000e+00
   5.0000000e-01   0.0000000e+00   0.0000000e+00   1.3500000e+01   0.0000000e+00   3.3333333e-01   0.0000000e+00   0.0000000e+00   1.6666667e-01   0.0000000e+00   0.0000000e+00   0.0000000e+00   0.0000000e+00
   1.0000000e+00   1.6666667e-01   0.0000000e+00   1.5666667e+01   0.0000000e+00   1.6666667e-01   6.6666667e-01   0.0000000e+00   8.3333333e-01   0.0000000e+00   0.0000000e+00   0.0000000e+00   0.0000000e+00
   1.1666667e+00   1.6666667e-01   0.0000000e+00   5.0000000e+00   1.6500000e+01   0.0000000e+00   1.3333333e+00   0.0000000e+00   1.6666667e+00   0.0000000e+00   0.0000000e+00   0.0000000e+00   0.0000000e+00
   1.6666667e-01   0.0000000e+00   1.6666667e-01   3.1666667e+00   0.0000000e+00   0.0000000e+00   0.0000000e+00   0.0000000e+00   8.3333333e-01   0.0000000e+00   0.0000000e+00   0.0000000e+00   0.0000000e+00
   0.0000000e+00   0.0000000e+00   0.0000000e+00   2.8333333e+00   1.6666667e-01   0.0000000e+00   0.0000000e+00   0.0000000e+00   1.6666667e-01   0.0000000e+00   0.0000000e+00   0.0000000e+00   0.0000000e+00
   1.0000000e+00   3.3333333e-01   1.6666667e-01   3.6666667e+00   8.3333333e-01   0.0000000e+00   1.6666667e-01   0.0000000e+00   5.0000000e-01   0.0000000e+00   0.0000000e+00   0.0000000e+00   0.0000000e+00
   5.0000000e-01   3.3333333e-01   0.0000000e+00   2.1666667e+00   1.6666667e-01   0.0000000e+00   0.0000000e+00   0.0000000e+00   8.3333333e-01   0.0000000e+00   0.0000000e+00   0.0000000e+00   0.0000000e+00
   8.3333333e-01   5.0000000e-01   3.3333333e-01   5.8333333e+00   0.0000000e+00   0.0000000e+00   0.0000000e+00   0.0000000e+00   3.3333333e-01   0.0000000e+00   0.0000000e+00   0.0000000e+00   0.0000000e+00
   8.3333333e-01   5.0000000e-01   0.0000000e+00   0.0000000e+00   6.5000000e+00   1.3333333e+00   1.6666667e-01   0.0000000e+00   5.0000000e-01   0.0000000e+00   0.0000000e+00   0.0000000e+00   3.3333333e-01
   1.8333333e+00   1.6666667e+00   0.0000000e+00   4.0000000e+00   2.7333333e+01   1.6666667e-01   3.3333333e-01   0.0000000e+00   1.5000000e+00   0.0000000e+00   1.6666667e-01   0.0000000e+00   0.0000000e+00
   8.3333333e-01   0.0000000e+00   0.0000000e+00   0.0000000e+00   3.6666667e+00   0.0000000e+00   3.3333333e-01   0.0000000e+00   0.0000000e+00   0.0000000e+00   0.0000000e+00   0.0000000e+00   0.0000000e+00
   3.3333333e-01   1.6666667e-01   0.0000000e+00   8.3333333e-01   1.6666667e-01   1.0000000e+00   1.6666667e-01   0.0000000e+00   1.6666667e-01   0.0000000e+00   0.0000000e+00   0.0000000e+00   0.0000000e+00
   5.0000000e-01   0.0000000e+00   0.0000000e+00   0.0000000e+00   0.0000000e+00   0.0000000e+00   1.6666667e-01   0.0000000e+00   0.0000000e+00   0.0000000e+00   0.0000000e+00   0.0000000e+00   0.0000000e+00
   5.0000000e-01   0.0000000e+00   0.0000000e+00   0.0000000e+00   5.0000000e-01   0.0000000e+00   1.6666667e-01   0.0000000e+00   1.0000000e+00   0.0000000e+00   0.0000000e+00   0.0000000e+00   0.0000000e+00
   5.0000000e-01   0.0000000e+00   1.6666667e-01   0.0000000e+00   0.0000000e+00   1.1666667e+00   5.0000000e-01   0.0000000e+00   8.3333333e-01   0.0000000e+00   0.0000000e+00   0.0000000e+00   0.0000000e+00
   5.0000000e-01   1.6666667e-01   1.6666667e-01   1.6666667e-01   6.6666667e-01   5.0000000e-01   2.5000000e+00   0.0000000e+00   4.6666667e+00   0.0000000e+00   0.0000000e+00   0.0000000e+00   0.0000000e+00
   0.0000000e+00   6.6666667e-01   0.0000000e+00   0.0000000e+00   1.3333333e+00   3.3333333e-01   8.3333333e-01   0.0000000e+00   2.1666667e+00   0.0000000e+00   0.0000000e+00   0.0000000e+00   0.0000000e+00
   1.0000000e+00   3.1666667e+00   0.0000000e+00   1.6666667e-01   6.6666667e-01   0.0000000e+00   0.0000000e+00   0.0000000e+00   1.6666667e+00   1.6666667e-01   0.0000000e+00   0.0000000e+00   0.0000000e+00
   1.5000000e+00   2.0000000e+00   0.0000000e+00   2.0000000e+00   6.6666667e-01   1.1666667e+00   2.0000000e+00   0.0000000e+00   6.5000000e+00   0.0000000e+00   0.0000000e+00   0.0000000e+00   0.0000000e+00
